0 25 75
0 40 60
0 45 55
2 8 90
2 23 75
2 25 73
5 20 75
5 40 55
5 45 50
6 19 75
8 17 75
8 19 73
15 25 60
15 30 55
15 40 45
17 23 60
20 25 55
20 30 50
20 40 40
25 30 45
